CNN Model Classification Report:
              precision    recall  f1-score   support

           0       0.75      0.74      0.74      1802
           1       0.83      0.85      0.84      1804
           2       0.62      0.59      0.61      1813
           3       0.54      0.52      0.53      1873
           4       0.64      0.71      0.68      1766
           5       0.64      0.57      0.60      1843
           6       0.80      0.74      0.77      1705
           7       0.71      0.80      0.75      1788
           8       0.79      0.86      0.82      1814
           9       0.82      0.77      0.79      1792

    accuracy                           0.71     18000
   macro avg       0.71      0.72      0.71     18000
weighted avg       0.71      0.71      0.71     18000

CNN Model Confusion Matrix:
[[1328   23   94   43   38    7    7   26  154   82]
 [  38 1540    8   22    7    6   12    6   61  104]
 [ 123    6 1073  113  180   86   90   91   35   16]
 [  44   14  121  981  125  309   99  108   38   34]
 [  35    4  122   96 1259   47   38  141   18    6]
 [  24    5  113  313   98 1051   41  158   26   14]
 [  10   16   91  110  119   49 1265   15   18   12]
 [  15    4   52   78  104   72    7 1433   10   13]
 [  95   46   36   17   12   10    7   10 1554   27]
 [  59  202   11   41   11    9   11   29   42 1377]]