MLP Model Classification Report:
              precision    recall  f1-score   support

           0       0.59      0.56      0.57      1802
           1       0.61      0.63      0.62      1804
           2       0.44      0.31      0.36      1813
           3       0.34      0.37      0.36      1873
           4       0.40      0.47      0.43      1766
           5       0.40      0.41      0.40      1843
           6       0.46      0.61      0.53      1705
           7       0.57      0.59      0.58      1788
           8       0.67      0.59      0.63      1814
           9       0.59      0.50      0.54      1792

    accuracy                           0.50     18000
   macro avg       0.51      0.50      0.50     18000
weighted avg       0.51      0.50      0.50     18000

MLP Model Confusion Matrix:
[[1013   66  113   81   67   51   50   80  178  103]
 [  72 1129   28   69   44   28   57   46  102  229]
 [  95   23  554  186  326  221  249  118   22   19]
 [  49   36   93  702  155  359  307   83   38   51]
 [  83   27  152  136  831  119  205  157   28   28]
 [  39   28  118  420  140  749  178  119   27   25]
 [   8   30   69  172  229   90 1036   41   11   19]
 [  42   31   68  125  193  153   67 1047   18   44]
 [ 254  128   33   60   48   45   32   32 1070  112]
 [  75  343   24   93   39   54   58  105   97  904]]